   8.010000   0.010000   0.010000   0.010000   0.010000   0.010000   0.010000   0.010000   0.010000   0.010000
   0.010000  31.010000   0.010000   0.010000   0.010000   0.010000   0.010000   0.010000   0.010000   0.010000
   0.010000   0.010000   0.010000   0.010000   0.010000   0.010000  31.010000   0.010000   0.010000   0.010000
   0.010000   0.010000   0.010000   0.010000   0.010000   0.010000   0.010000  60.010000   0.010000   0.010000
   0.010000   0.010000   0.010000   0.010000   0.010000 148.010000   0.010000   0.010000   0.010000   0.010000
 147.010000   0.010000   0.010000   0.010000   0.010000   0.010000   0.010000   0.010000   0.010000   0.010000
   0.010000   0.010000   0.010000   0.010000   0.010000 182.010000   0.010000   0.010000   0.010000   0.010000
   0.010000   0.010000   0.010000   0.010000 389.010000   0.010000   0.010000   0.010000   0.010000   0.010000
  16.010000   0.010000   0.010000   0.010000   0.010000   0.010000   0.010000   0.010000   0.010000   0.010000
   0.010000   0.010000   0.010000   0.010000   0.010000  20.010000   0.010000   0.010000   0.010000   0.010000
   0.010000   0.010000   0.010000   0.010000   0.010000 178.010000   0.010000   0.010000   0.010000   0.010000
  13.010000   0.010000   0.010000   0.010000   0.010000   0.010000   0.010000   0.010000   0.010000   0.010000
   0.010000   0.010000   0.010000   0.010000   0.010000  29.010000   0.010000   0.010000   0.010000   0.010000
   0.010000   0.010000   0.010000   0.010000   0.010000   0.010000   8.010000   0.010000   0.010000   0.010000
   0.010000   0.010000   0.010000  27.010000   0.010000   0.010000   0.010000   0.010000   0.010000   0.010000
   0.010000   0.010000  10.010000   0.010000   0.010000   0.010000   0.010000   0.010000   0.010000   0.010000
   0.010000   0.010000   0.010000   0.010000  12.010000   0.010000   0.010000   0.010000   0.010000   0.010000
   0.010000   0.010000   0.010000   0.010000   0.010000  66.010000   0.010000   0.010000   0.010000   0.010000
   0.010000   0.010000   0.010000   0.010000   0.010000   0.010000   0.010000  82.010000   0.010000   0.010000
   0.010000   0.010000   0.010000   0.010000   0.010000   0.010000   0.010000   0.010000  33.010000   0.010000
   0.010000   0.010000   0.010000   0.010000   0.010000   0.010000   0.010000  73.010000   0.010000   0.010000
   0.010000   0.010000   0.010000   0.010000   0.010000   0.010000  15.010000   0.010000   0.010000   0.010000
   0.010000   0.010000   0.010000   0.010000 182.010000   0.010000   0.010000   0.010000   0.010000   0.010000
   0.010000   0.010000   0.010000   0.010000   0.010000   0.010000   0.010000   0.010000 146.010000   0.010000
   0.010000  31.010000   0.010000   0.010000   0.010000   0.010000   0.010000   0.010000   0.010000   0.010000
   0.010000   0.010000   0.010000  16.010000   0.010000   0.010000   0.010000   0.010000   0.010000   0.010000
   0.010000   0.010000   0.010000   0.010000   0.010000   0.010000   0.010000   0.010000 223.010000   0.010000
   0.010000   0.010000   0.010000   0.010000   0.010000   0.010000   0.010000   0.010000   0.010000 1619.010000
   0.010000   0.010000   0.010000   0.010000   0.010000   0.010000   0.010000 187.010000   0.010000   0.010000
   0.010000   0.010000   0.010000   0.010000   0.010000   0.010000   0.010000 722.010000   0.010000   0.010000
   0.010000   0.010000   0.010000   0.010000   0.010000   0.010000  25.010000   0.010000   0.010000   0.010000
  15.010000   0.010000   0.010000   0.010000   0.010000   0.010000   0.010000   0.010000   0.010000   0.010000
   0.010000   0.010000   0.010000   0.010000   0.010000   0.010000   0.010000   0.010000   0.010000  12.010000
   0.010000   0.010000   0.010000   0.010000  96.010000   0.010000   0.010000   0.010000   0.010000   0.010000
   0.010000   0.010000   0.010000  69.010000   0.010000   0.010000   0.010000   0.010000   0.010000   0.010000
   0.010000   0.010000   0.010000   0.010000   0.010000   0.010000   0.010000  42.010000   0.010000   0.010000
   0.010000   0.010000   0.010000   0.010000   0.010000   0.010000   0.010000   0.010000  67.010000   0.010000
  99.010000   0.010000   0.010000   0.010000   0.010000   0.010000   0.010000   0.010000   0.010000   0.010000
   0.010000   0.010000   0.010000   0.010000 123.010000   0.010000   0.010000   0.010000   0.010000   0.010000
   0.010000   0.010000   0.010000   0.010000   0.010000  59.010000   0.010000   0.010000   0.010000   0.010000
  73.010000   0.010000   0.010000   0.010000   0.010000   0.010000   0.010000   0.010000   0.010000   0.010000
   0.010000   0.010000   0.010000   0.010000   0.010000   0.010000   0.010000   0.010000  25.010000   0.010000
   0.010000 475.010000   0.010000   0.010000   0.010000   0.010000   0.010000   0.010000   0.010000   0.010000
   0.010000   0.010000   0.010000   0.010000   0.010000   0.010000   0.010000   0.010000 202.010000   0.010000
   0.010000   0.010000   0.010000 163.010000   0.010000   0.010000   0.010000   0.010000   0.010000   0.010000
   0.010000   0.010000   0.010000  72.010000   0.010000   0.010000   0.010000   0.010000   0.010000   0.010000
   0.010000   0.010000   0.010000  44.010000   0.010000   0.010000   0.010000   0.010000   0.010000   0.010000
  14.010000   0.010000   0.010000   0.010000   0.010000   0.010000   0.010000   0.010000   0.010000   0.010000
   0.010000  73.010000   0.010000   0.010000   0.010000   0.010000   0.010000   0.010000   0.010000   0.010000
   0.010000   0.010000   0.010000   0.010000   0.010000  36.010000   0.010000   0.010000   0.010000   0.010000
   0.010000   0.010000   0.010000 125.010000   0.010000   0.010000   0.010000   0.010000   0.010000   0.010000
   0.010000   0.010000   0.010000  22.010000   0.010000   0.010000   0.010000   0.010000   0.010000   0.010000
   0.010000 111.010000   0.010000   0.010000   0.010000   0.010000   0.010000   0.010000   0.010000   0.010000
  27.010000   0.010000   0.010000   0.010000   0.010000   0.010000   0.010000   0.010000   0.010000   0.010000
   0.010000   0.010000   0.010000  16.010000   0.010000   0.010000   0.010000   0.010000   0.010000   0.010000
   0.010000   0.010000   0.010000   0.010000   0.010000  70.010000   0.010000   0.010000   0.010000   0.010000
   0.010000   0.010000   0.010000   0.010000 162.010000   0.010000   0.010000   0.010000   0.010000   0.010000
   0.010000   0.010000   0.010000   0.010000   0.010000   0.010000   0.010000   0.010000  70.010000   0.010000
   0.010000   0.010000   0.010000   0.010000   0.010000 348.010000   0.010000   0.010000   0.010000   0.010000
   0.010000   0.010000   0.010000   0.010000   0.010000   0.010000   0.010000 189.010000   0.010000   0.010000
   0.010000  63.010000   0.010000   0.010000   0.010000   0.010000   0.010000   0.010000   0.010000   0.010000
   0.010000   0.010000   0.010000 296.010000   0.010000   0.010000   0.010000   0.010000   0.010000   0.010000
   0.010000   0.010000   0.010000   0.010000  10.010000   0.010000   0.010000   0.010000   0.010000   0.010000
   0.010000   0.010000   0.010000   0.010000  60.010000   0.010000   0.010000   0.010000   0.010000   0.010000
   0.010000   0.010000   0.010000   0.010000   0.010000  20.010000   0.010000   0.010000   0.010000   0.010000
   0.010000  31.010000   0.010000   0.010000   0.010000   0.010000   0.010000   0.010000   0.010000   0.010000
   0.010000   0.010000   0.010000   0.010000   0.010000 439.010000   0.010000   0.010000   0.010000   0.010000
   0.010000   0.010000   0.010000   0.010000   0.010000   0.010000   0.010000   0.010000   0.010000  48.010000
   0.010000   0.010000   0.010000   0.010000   0.010000 107.010000   0.010000   0.010000   0.010000   0.010000
   0.010000   0.010000   0.010000   0.010000   0.010000   9.010000   0.010000   0.010000   0.010000   0.010000
   0.010000   0.010000   0.010000   0.010000   0.010000   0.010000   0.010000   0.010000   0.010000  93.010000
   0.010000   0.010000   0.010000   0.010000   0.010000   0.010000   0.010000  26.010000   0.010000   0.010000
   0.010000   0.010000   0.010000   0.010000  13.010000   0.010000   0.010000   0.010000   0.010000   0.010000
   0.010000   0.010000   0.010000   0.010000   0.010000   0.010000 1259.010000   0.010000   0.010000   0.010000
   0.010000  59.010000   0.010000   0.010000   0.010000   0.010000   0.010000   0.010000   0.010000   0.010000
   0.010000   0.010000   0.010000   0.010000   0.010000   0.010000   0.010000   0.010000   0.010000  28.010000
   0.010000   0.010000   0.010000  37.010000   0.010000   0.010000   0.010000   0.010000   0.010000   0.010000
   0.010000 184.010000   0.010000   0.010000   0.010000   0.010000   0.010000   0.010000   0.010000   0.010000
   0.010000   0.010000   0.010000   0.010000   0.010000  75.010000   0.010000   0.010000   0.010000   0.010000
   0.010000   0.010000   0.010000   0.010000   0.010000   0.010000   0.010000   0.010000  85.010000   0.010000
  30.010000   0.010000   0.010000   0.010000   0.010000   0.010000   0.010000   0.010000   0.010000   0.010000
   0.010000   0.010000   0.010000   0.010000 186.010000   0.010000   0.010000   0.010000   0.010000   0.010000
