   0.010000   0.010000   0.010000   0.010000   0.010000   0.010000   0.010000   0.010000   0.010000 179.010000   0.010000   0.010000   0.010000   0.010000
   0.010000   0.010000   0.010000   0.010000   0.010000 275.010000   0.010000   0.010000   0.010000   0.010000   0.010000   0.010000   0.010000   0.010000
   0.010000   0.010000   0.010000   0.010000   0.010000   0.010000   0.010000   0.010000   0.010000   0.010000   0.010000 531.010000   0.010000   0.010000
   0.010000   0.010000   0.010000   0.010000   0.010000   0.010000   0.010000   0.010000   0.010000 211.010000   0.010000   0.010000   0.010000   0.010000
   0.010000   0.010000   0.010000   0.010000   0.010000   0.010000   0.010000   0.010000   0.010000 211.010000   0.010000   0.010000   0.010000   0.010000
 176.010000   0.010000   0.010000   0.010000   0.010000   0.010000   0.010000   0.010000   0.010000   0.010000   0.010000   0.010000   0.010000   0.010000
   0.010000   0.010000   0.010000   0.010000   0.010000   0.010000   0.010000   0.010000   0.010000   0.010000   0.010000   0.010000 219.010000   0.010000
   0.010000   0.010000 309.010000   0.010000   0.010000   0.010000   0.010000   0.010000   0.010000   0.010000   0.010000   0.010000   0.010000   0.010000
   0.010000   0.010000   0.010000   0.010000   0.010000   0.010000   0.010000   0.010000   0.010000 179.010000   0.010000   0.010000   0.010000   0.010000
 236.010000   0.010000   0.010000   0.010000   0.010000   0.010000   0.010000   0.010000   0.010000   0.010000   0.010000   0.010000   0.010000   0.010000
   0.010000 340.010000   0.010000   0.010000   0.010000   0.010000   0.010000   0.010000   0.010000   0.010000   0.010000   0.010000   0.010000   0.010000
 176.010000   0.010000   0.010000   0.010000   0.010000   0.010000   0.010000   0.010000   0.010000   0.010000   0.010000   0.010000   0.010000   0.010000
   0.010000   0.010000   0.010000   0.010000   0.010000   0.010000   0.010000   0.010000   0.010000   0.010000   0.010000   0.010000 219.010000   0.010000
   0.010000 299.010000   0.010000   0.010000   0.010000   0.010000   0.010000   0.010000   0.010000   0.010000   0.010000   0.010000   0.010000   0.010000
   0.010000   0.010000 309.010000   0.010000   0.010000   0.010000   0.010000   0.010000   0.010000   0.010000   0.010000   0.010000   0.010000   0.010000
 236.010000   0.010000   0.010000   0.010000   0.010000   0.010000   0.010000   0.010000   0.010000   0.010000   0.010000   0.010000   0.010000   0.010000
   0.010000 340.010000   0.010000   0.010000   0.010000   0.010000   0.010000   0.010000   0.010000   0.010000   0.010000   0.010000   0.010000   0.010000
   0.010000   0.010000   0.010000   0.010000   0.010000   0.010000   0.010000   0.010000   0.010000   0.010000   0.010000 531.010000   0.010000   0.010000
   0.010000 299.010000   0.010000   0.010000   0.010000   0.010000   0.010000   0.010000   0.010000   0.010000   0.010000   0.010000   0.010000   0.010000
   0.010000   0.010000   0.010000   0.010000   0.010000   0.010000 131.010000   0.010000   0.010000   0.010000   0.010000   0.010000   0.010000   0.010000
   0.010000   0.010000   0.010000   0.010000   0.010000   0.010000   0.010000   0.010000   0.010000   0.010000   0.010000   0.010000 101.010000   0.010000
   0.010000   0.010000   0.010000   0.010000   0.010000   0.010000   0.010000   0.010000   0.010000   0.010000   0.010000   0.010000 235.010000   0.010000
   0.010000   0.010000   0.010000   0.010000   0.010000   0.010000   0.010000   0.010000   0.010000   0.010000   0.010000   0.010000   0.010000 602.010000
   0.010000 169.010000   0.010000   0.010000   0.010000   0.010000   0.010000   0.010000   0.010000   0.010000   0.010000   0.010000   0.010000   0.010000
   0.010000   0.010000   0.010000   0.010000   0.010000   0.010000   0.010000   0.010000   0.010000   0.010000   0.010000   0.010000 254.010000   0.010000
   0.010000   0.010000   0.010000   0.010000   0.010000   0.010000   0.010000   0.010000   0.010000   0.010000   0.010000   0.010000 211.010000   0.010000
   0.010000   0.010000   0.010000   0.010000   0.010000   0.010000   0.010000   0.010000   0.010000   0.010000   0.010000   0.010000 274.010000   0.010000
   0.010000   0.010000   0.010000   0.010000   0.010000   0.010000   0.010000   0.010000   0.010000 187.010000   0.010000   0.010000   0.010000   0.010000
   0.010000   0.010000   0.010000   0.010000   0.010000   0.010000   0.010000   0.010000   0.010000   0.010000   0.010000   0.010000 125.010000   0.010000
   0.010000   0.010000   0.010000   0.010000   0.010000   0.010000   0.010000   0.010000   0.010000   0.010000  51.010000   0.010000   0.010000   0.010000
   0.010000   0.010000   0.010000 106.010000   0.010000   0.010000   0.010000   0.010000   0.010000   0.010000   0.010000   0.010000   0.010000   0.010000
   0.010000  82.010000   0.010000   0.010000   0.010000   0.010000   0.010000   0.010000   0.010000   0.010000   0.010000   0.010000   0.010000   0.010000
   0.010000   0.010000   0.010000   0.010000 189.010000   0.010000   0.010000   0.010000   0.010000   0.010000   0.010000   0.010000   0.010000   0.010000
   0.010000   0.010000   0.010000   0.010000   0.010000   0.010000   0.010000   0.010000   0.010000   0.010000   0.010000   0.010000 129.010000   0.010000
   0.010000   0.010000   0.010000   0.010000   0.010000   0.010000   0.010000   0.010000  65.010000   0.010000   0.010000   0.010000   0.010000   0.010000
   0.010000   0.010000   0.010000   0.010000   0.010000   0.010000   0.010000   0.010000   0.010000   0.010000   0.010000   0.010000 156.010000   0.010000
   0.010000   0.010000   0.010000   0.010000   0.010000   0.010000   0.010000   0.010000   0.010000  59.010000   0.010000   0.010000   0.010000   0.010000
  66.010000   0.010000   0.010000   0.010000   0.010000   0.010000   0.010000   0.010000   0.010000   0.010000   0.010000   0.010000   0.010000   0.010000
   0.010000   0.010000   0.010000   0.010000 124.010000   0.010000   0.010000   0.010000   0.010000   0.010000   0.010000   0.010000   0.010000   0.010000
   0.010000   0.010000   0.010000   0.010000   0.010000   0.010000   0.010000   0.010000   0.010000   0.010000   0.010000   0.010000   0.010000  92.010000
   0.010000   0.010000   0.010000   0.010000   0.010000   0.010000   0.010000   0.010000   0.010000 133.010000   0.010000   0.010000   0.010000   0.010000
   0.010000   0.010000   0.010000   0.010000   0.010000   0.010000   0.010000   0.010000   0.010000   0.010000 179.010000   0.010000   0.010000   0.010000
   0.010000 125.010000   0.010000   0.010000   0.010000   0.010000   0.010000   0.010000   0.010000   0.010000   0.010000   0.010000   0.010000   0.010000
   0.010000   0.010000   0.010000   0.010000   0.010000   0.010000  46.010000   0.010000   0.010000   0.010000   0.010000   0.010000   0.010000   0.010000
   0.010000 259.010000   0.010000   0.010000   0.010000   0.010000   0.010000   0.010000   0.010000   0.010000   0.010000   0.010000   0.010000   0.010000
   0.010000 174.010000   0.010000   0.010000   0.010000   0.010000   0.010000   0.010000   0.010000   0.010000   0.010000   0.010000   0.010000   0.010000
   0.010000  88.010000   0.010000   0.010000   0.010000   0.010000   0.010000   0.010000   0.010000   0.010000   0.010000   0.010000   0.010000   0.010000
   0.010000   0.010000 793.010000   0.010000   0.010000   0.010000   0.010000   0.010000   0.010000   0.010000   0.010000   0.010000   0.010000   0.010000
   0.010000   0.010000  80.010000   0.010000   0.010000   0.010000   0.010000   0.010000   0.010000   0.010000   0.010000   0.010000   0.010000   0.010000
   0.010000   0.010000   0.010000   0.010000   0.010000   0.010000   0.010000   0.010000   0.010000   0.010000   0.010000 107.010000   0.010000   0.010000
   0.010000   0.010000   0.010000   0.010000   0.010000   0.010000   0.010000   0.010000   0.010000   0.010000  55.010000   0.010000   0.010000   0.010000
   0.010000   0.010000 200.010000   0.010000   0.010000   0.010000   0.010000   0.010000   0.010000   0.010000   0.010000   0.010000   0.010000   0.010000
   0.010000   0.010000 139.010000   0.010000   0.010000   0.010000   0.010000   0.010000   0.010000   0.010000   0.010000   0.010000   0.010000   0.010000
   0.010000   0.010000 360.010000   0.010000   0.010000   0.010000   0.010000   0.010000   0.010000   0.010000   0.010000   0.010000   0.010000   0.010000
   0.010000   0.010000   0.010000   0.010000   0.010000 119.010000   0.010000   0.010000   0.010000   0.010000   0.010000   0.010000   0.010000   0.010000
   0.010000   0.010000   0.010000   0.010000   0.010000 389.010000   0.010000   0.010000   0.010000   0.010000   0.010000   0.010000   0.010000   0.010000
   0.010000   0.010000   0.010000   0.010000   0.010000 389.010000   0.010000   0.010000   0.010000   0.010000   0.010000   0.010000   0.010000   0.010000
   0.010000   0.010000   0.010000   0.010000   0.010000   0.010000   0.010000   0.010000   0.010000   0.010000 383.010000   0.010000   0.010000   0.010000
   0.010000   0.010000   0.010000   0.010000   0.010000   0.010000   0.010000   0.010000 402.010000   0.010000   0.010000   0.010000   0.010000   0.010000
   0.010000   0.010000   0.010000   0.010000   0.010000 346.010000   0.010000   0.010000   0.010000   0.010000   0.010000   0.010000   0.010000   0.010000
   0.010000   0.010000   0.010000   0.010000   0.010000 119.010000   0.010000   0.010000   0.010000   0.010000   0.010000   0.010000   0.010000   0.010000
   0.010000   0.010000   0.010000   0.010000   0.010000   0.010000   0.010000   0.010000   0.010000   0.010000 383.010000   0.010000   0.010000   0.010000
   0.010000   0.010000   0.010000   0.010000   0.010000 509.010000   0.010000   0.010000   0.010000   0.010000   0.010000   0.010000   0.010000   0.010000
   0.010000   0.010000   0.010000   0.010000   0.010000   0.010000   0.010000   0.010000   0.010000 365.010000   0.010000   0.010000   0.010000   0.010000
   0.010000   0.010000   0.010000   0.010000   0.010000   0.010000   0.010000   0.010000   0.010000 365.010000   0.010000   0.010000   0.010000   0.010000
   0.010000   0.010000   0.010000   0.010000   0.010000 455.010000   0.010000   0.010000   0.010000   0.010000   0.010000   0.010000   0.010000   0.010000
   0.010000   0.010000   0.010000   0.010000   0.010000   0.010000   0.010000   0.010000   0.010000   0.010000   0.010000 431.010000   0.010000   0.010000
   0.010000   0.010000   0.010000   0.010000   0.010000   0.010000   0.010000   0.010000   0.010000   0.010000   0.010000 431.010000   0.010000   0.010000
   0.010000   0.010000   0.010000   0.010000   0.010000 509.010000   0.010000   0.010000   0.010000   0.010000   0.010000   0.010000   0.010000   0.010000
   0.010000   0.010000   0.010000   0.010000   0.010000 267.010000   0.010000   0.010000   0.010000   0.010000   0.010000   0.010000   0.010000   0.010000
   0.010000   0.010000   0.010000   0.010000   0.010000   0.010000   0.010000   0.010000 402.010000   0.010000   0.010000   0.010000   0.010000   0.010000
   0.010000   0.010000   0.010000   0.010000   0.010000 346.010000   0.010000   0.010000   0.010000   0.010000   0.010000   0.010000   0.010000   0.010000
   0.010000   0.010000   0.010000   0.010000   0.010000 267.010000   0.010000   0.010000   0.010000   0.010000   0.010000   0.010000   0.010000   0.010000
   0.010000   0.010000   0.010000   0.010000   0.010000   0.010000   0.010000   0.010000   0.010000   0.010000 543.010000   0.010000   0.010000   0.010000
   0.010000   0.010000   0.010000   0.010000 221.010000   0.010000   0.010000   0.010000   0.010000   0.010000   0.010000   0.010000   0.010000   0.010000
   0.010000 187.010000   0.010000   0.010000   0.010000   0.010000   0.010000   0.010000   0.010000   0.010000   0.010000   0.010000   0.010000   0.010000
   0.010000 208.010000   0.010000   0.010000   0.010000   0.010000   0.010000   0.010000   0.010000   0.010000   0.010000   0.010000   0.010000   0.010000
   0.010000   0.010000   0.010000   0.010000   0.010000   0.010000   0.010000   0.010000   0.010000 364.010000   0.010000   0.010000   0.010000   0.010000
   0.010000   0.010000   0.010000   0.010000   0.010000   0.010000   0.010000   0.010000 629.010000   0.010000   0.010000   0.010000   0.010000   0.010000
   0.010000   0.010000   0.010000   0.010000   0.010000   0.010000   0.010000   0.010000   0.010000   0.010000 209.010000   0.010000   0.010000   0.010000
   0.010000 298.010000   0.010000   0.010000   0.010000   0.010000   0.010000   0.010000   0.010000   0.010000   0.010000   0.010000   0.010000   0.010000
   0.010000   0.010000 959.010000   0.010000   0.010000   0.010000   0.010000   0.010000   0.010000   0.010000   0.010000   0.010000   0.010000   0.010000
 611.010000   0.010000   0.010000   0.010000   0.010000   0.010000   0.010000   0.010000   0.010000   0.010000   0.010000   0.010000   0.010000   0.010000
   0.010000   0.010000   0.010000   0.010000  66.010000   0.010000   0.010000   0.010000   0.010000   0.010000   0.010000   0.010000   0.010000   0.010000
   0.010000   0.010000   0.010000 176.010000   0.010000   0.010000   0.010000   0.010000   0.010000   0.010000   0.010000   0.010000   0.010000   0.010000
   0.010000   0.010000   0.010000   0.010000   0.010000   0.010000   0.010000   0.010000 131.010000   0.010000   0.010000   0.010000   0.010000   0.010000
   0.010000   0.010000   0.010000   0.010000 119.010000   0.010000   0.010000   0.010000   0.010000   0.010000   0.010000   0.010000   0.010000   0.010000
   0.010000   0.010000   0.010000   0.010000   0.010000   0.010000   0.010000   0.010000   0.010000   0.010000   0.010000 105.010000   0.010000   0.010000
   0.010000   0.010000 338.010000   0.010000   0.010000   0.010000   0.010000   0.010000   0.010000   0.010000   0.010000   0.010000   0.010000   0.010000
   0.010000   0.010000   0.010000 116.010000   0.010000   0.010000   0.010000   0.010000   0.010000   0.010000   0.010000   0.010000   0.010000   0.010000
   0.010000   0.010000   0.010000   0.010000   0.010000   0.010000   0.010000   0.010000   0.010000   0.010000   0.010000   0.010000  54.010000   0.010000
   0.010000   0.010000   0.010000   0.010000  34.010000   0.010000   0.010000   0.010000   0.010000   0.010000   0.010000   0.010000   0.010000   0.010000
   0.010000   0.010000   0.010000   0.010000   0.010000   0.010000   0.010000   0.010000   0.010000   0.010000   0.010000   0.010000 106.010000   0.010000
   0.010000   0.010000   0.010000   0.010000   0.010000   0.010000   0.010000   0.010000   0.010000   0.010000   0.010000   0.010000 123.010000   0.010000
   0.010000   0.010000   0.010000 100.010000   0.010000   0.010000   0.010000   0.010000   0.010000   0.010000   0.010000   0.010000   0.010000   0.010000
   0.010000   0.010000   0.010000   0.010000   0.010000   0.010000   0.010000   0.010000 112.010000   0.010000   0.010000   0.010000   0.010000   0.010000
   0.010000   0.010000   0.010000   0.010000   0.010000   0.010000  50.010000   0.010000   0.010000   0.010000   0.010000   0.010000   0.010000   0.010000
   0.010000   0.010000   0.010000   0.010000   0.010000   0.010000   0.010000   0.010000  48.010000   0.010000   0.010000   0.010000   0.010000   0.010000
   0.010000   0.010000   0.010000   0.010000   0.010000   0.010000   0.010000   0.010000   0.010000   0.010000 211.010000   0.010000   0.010000   0.010000
   0.010000   0.010000   0.010000   0.010000 201.010000   0.010000   0.010000   0.010000   0.010000   0.010000   0.010000   0.010000   0.010000   0.010000
   0.010000   0.010000   0.010000   0.010000 233.010000   0.010000   0.010000   0.010000   0.010000   0.010000   0.010000   0.010000   0.010000   0.010000
   0.010000   0.010000   0.010000   0.010000   0.010000   0.010000   0.010000   0.010000   0.010000   0.010000   0.010000   0.010000 335.010000   0.010000
   0.010000   0.010000   0.010000   0.010000   0.010000   0.010000   0.010000   0.010000   0.010000   0.010000   0.010000   0.010000   0.010000 178.010000
   0.010000   0.010000   0.010000   0.010000 137.010000   0.010000   0.010000   0.010000   0.010000   0.010000   0.010000   0.010000   0.010000   0.010000
   0.010000   0.010000   0.010000   0.010000 324.010000   0.010000   0.010000   0.010000   0.010000   0.010000   0.010000   0.010000   0.010000   0.010000
   0.010000   0.010000   0.010000   0.010000   0.010000   0.010000   0.010000   0.010000   0.010000   0.010000   0.010000   0.010000 335.010000   0.010000
   0.010000   0.010000   0.010000   0.010000   0.010000   0.010000   0.010000   0.010000   0.010000 278.010000   0.010000   0.010000   0.010000   0.010000
   0.010000   0.010000   0.010000   0.010000   0.010000   0.010000   0.010000   0.010000   0.010000   0.010000 211.010000   0.010000   0.010000   0.010000
   0.010000   0.010000   0.010000   0.010000   0.010000   0.010000   0.010000   0.010000   0.010000   0.010000   0.010000   0.010000   0.010000 192.010000
   0.010000   0.010000   0.010000   0.010000 166.010000   0.010000   0.010000   0.010000   0.010000   0.010000   0.010000   0.010000   0.010000   0.010000
   0.010000   0.010000   0.010000   0.010000   0.010000   0.010000   0.010000   0.010000   0.010000 278.010000   0.010000   0.010000   0.010000   0.010000
   0.010000   0.010000   0.010000   0.010000 201.010000   0.010000   0.010000   0.010000   0.010000   0.010000   0.010000   0.010000   0.010000   0.010000
   0.010000   0.010000   0.010000   0.010000   0.010000   0.010000   0.010000   0.010000   0.010000   0.010000   0.010000   0.010000   0.010000 178.010000
   0.010000   0.010000   0.010000   0.010000 137.010000   0.010000   0.010000   0.010000   0.010000   0.010000   0.010000   0.010000   0.010000   0.010000
   0.010000   0.010000   0.010000   0.010000   0.010000   0.010000   0.010000   0.010000   0.010000   0.010000   0.010000   0.010000   0.010000 192.010000
   0.010000   0.010000   0.010000   0.010000 233.010000   0.010000   0.010000   0.010000   0.010000   0.010000   0.010000   0.010000   0.010000   0.010000
   0.010000   0.010000   0.010000   0.010000 166.010000   0.010000   0.010000   0.010000   0.010000   0.010000   0.010000   0.010000   0.010000   0.010000
   0.010000   0.010000   0.010000   0.010000   0.010000   0.010000   0.010000   0.010000   0.010000   0.010000   0.010000   0.010000   0.010000  62.010000
  41.010000   0.010000   0.010000   0.010000   0.010000   0.010000   0.010000   0.010000   0.010000   0.010000   0.010000   0.010000   0.010000   0.010000
   0.010000   0.010000   0.010000   0.010000   0.010000   0.010000   0.010000   0.010000  80.010000   0.010000   0.010000   0.010000   0.010000   0.010000
   0.010000   0.010000   0.010000   0.010000   0.010000   0.010000   0.010000   0.010000   0.010000  73.010000   0.010000   0.010000   0.010000   0.010000
   0.010000   0.010000   0.010000 101.010000   0.010000   0.010000   0.010000   0.010000   0.010000   0.010000   0.010000   0.010000   0.010000   0.010000
   0.010000   0.010000   0.010000   0.010000   0.010000   0.010000 1515.010000   0.010000   0.010000   0.010000   0.010000   0.010000   0.010000   0.010000
   0.010000   0.010000   0.010000   0.010000   0.010000   0.010000   0.010000   0.010000   0.010000   0.010000   0.010000 1245.010000   0.010000   0.010000
   0.010000   0.010000   0.010000   0.010000   0.010000   0.010000   0.010000   0.010000   0.010000   0.010000   0.010000   0.010000   0.010000 169.010000
   0.010000   0.010000   0.010000   0.010000   0.010000   0.010000   0.010000   0.010000   0.010000   0.010000   0.010000   0.010000  97.010000   0.010000
   0.010000   0.010000   0.010000   0.010000   0.010000   0.010000 217.010000   0.010000   0.010000   0.010000   0.010000   0.010000   0.010000   0.010000
   0.010000 126.010000   0.010000   0.010000   0.010000   0.010000   0.010000   0.010000   0.010000   0.010000   0.010000   0.010000   0.010000   0.010000
   0.010000   0.010000   0.010000   0.010000   0.010000   0.010000 388.010000   0.010000   0.010000   0.010000   0.010000   0.010000   0.010000   0.010000
   0.010000 126.010000   0.010000   0.010000   0.010000   0.010000   0.010000   0.010000   0.010000   0.010000   0.010000   0.010000   0.010000   0.010000
   0.010000   0.010000   0.010000   0.010000   0.010000   0.010000   0.010000   0.010000   0.010000   0.010000   0.010000   0.010000 250.010000   0.010000
   0.010000   0.010000   0.010000   0.010000   0.010000 124.010000   0.010000   0.010000   0.010000   0.010000   0.010000   0.010000   0.010000   0.010000
   0.010000   0.010000   0.010000   0.010000   0.010000   0.010000 191.010000   0.010000   0.010000   0.010000   0.010000   0.010000   0.010000   0.010000
   0.010000   0.010000   0.010000   0.010000   0.010000 124.010000   0.010000   0.010000   0.010000   0.010000   0.010000   0.010000   0.010000   0.010000
   0.010000   0.010000   0.010000   0.010000   0.010000   0.010000 227.010000   0.010000   0.010000   0.010000   0.010000   0.010000   0.010000   0.010000
   0.010000   0.010000   0.010000   0.010000   0.010000   0.010000 227.010000   0.010000   0.010000   0.010000   0.010000   0.010000   0.010000   0.010000
   0.010000   0.010000   0.010000   0.010000   0.010000   0.010000 191.010000   0.010000   0.010000   0.010000   0.010000   0.010000   0.010000   0.010000
   0.010000   0.010000   0.010000   0.010000   0.010000   0.010000   0.010000   0.010000   0.010000   0.010000   0.010000   0.010000 175.010000   0.010000
   0.010000   0.010000   0.010000   0.010000   0.010000   0.010000   0.010000   0.010000   0.010000   0.010000   0.010000   0.010000 175.010000   0.010000
   0.010000   0.010000   0.010000   0.010000   0.010000   0.010000   0.010000   0.010000   0.010000   0.010000   0.010000   0.010000   0.010000 181.010000
   0.010000   0.010000   0.010000 151.010000   0.010000   0.010000   0.010000   0.010000   0.010000   0.010000   0.010000   0.010000   0.010000   0.010000
   0.010000   0.010000   0.010000   0.010000   0.010000   0.010000 388.010000   0.010000   0.010000   0.010000   0.010000   0.010000   0.010000   0.010000
   0.010000   0.010000 181.010000   0.010000   0.010000   0.010000   0.010000   0.010000   0.010000   0.010000   0.010000   0.010000   0.010000   0.010000
   0.010000   0.010000 181.010000   0.010000   0.010000   0.010000   0.010000   0.010000   0.010000   0.010000   0.010000   0.010000   0.010000   0.010000
   0.010000   0.010000   0.010000 151.010000   0.010000   0.010000   0.010000   0.010000   0.010000   0.010000   0.010000   0.010000   0.010000   0.010000
   0.010000   0.010000   0.010000   0.010000   0.010000   0.010000   0.010000   0.010000   0.010000   0.010000   0.010000   0.010000   0.010000 181.010000
